1 2
1 3
1 4
1 5 
1 6
2 3
2 4
2 5
2 6
3 4
3 6
4 6
5 3
5 4
5 6
6 9
7 14
7 4
7 16
7 17
7 5
8 6
8 20
8 21
8 22
9 22
10 6
10 9
10 22
10 11
10 23
10 24
10 25
10 26
10 27
10 12
11 6
11 9
11 23
11 24
11 25
11 26
11 27
11 12
11 18
12 6
12 9
12 24
12 25
12 28
12 29
12 30
12 31
12 32
12 33 
12 34
12 35
12 36
12 37
12 38
12 39
13 14
13 40
13 15
13 16
13 17
13 18
13 19
13 7
14 16
14 17
15 14
15 16
15 17
15 18
15 19
15 7
16 17
18 14
18 16
18 17
18 19
18 7
19 14
19 16
19 17
19 7
20 21
20 22
20 23
20 24
20 25
20 26
20 27
21 9
21 10
21 22
21 23
21 24
21 25
21 26
21 27
21 41
22 24
22 25
23 22
23 24
23 25
23 26
23 27
23 12
23 28
23 41
24 25
24 28
25 28
26 22
26 24
26 25
26 27
26 12
26 28
26 41
26 42
27 22
27 24
27 25
27 12
27 28
27 41
27 42
28 31
28 35
29 28
29 30
29 31 
29 32
29 33
29 34
29 35
29 36
29 41
29 37
29 38
29 39
30 28
30 31
30 32
30 33
30 34
30 35
30 36
30 41
30 37
30 38
30 39
31 35
32 28
32 31 
32 33
32 34
32 35
32 36
32 41
32 37
32 39
33 28
33 31
33 34
33 35
33 36
33 41
33 37
33 39
34 28
34 31
34 35
34 36
34 41
34 37
36 28
36 31
36 35 
36 41
36 37
37 28
37 31
37 35
37 43
37 38
37 39
38 28
38 31
38 43 
38 44
38 39
38 45
38 42
38 46
38 47
38 48
38 49
39 28
39 31
39 35
39 43
39 44
39 45
39 42
39 46
39 47
39 48
39 49
39 50
40 14
41 22
41 24
41 25
41 28
41 31
41 35
41 37
41 43
41 42
41 51
42 43
42 44
42 46
42 47
42 48
42 50
42 51
43 44
43 47
44 47
45 42
46 43
46 44
46 47
46 48
48 43
48 44
48 47
49 50
52 57
52 50
53 50
53 51
54 51
55 51
55 61
56 52
57 67
58 59
58 60
58 54
59 60 
59 54
60 54
62 64
62 65
62 57
62 70
63 62
63 69
63 64
63 65
63 57
63 70
64 65
64 57
64 70
65 57
65 70
65 67
66 65
66 57
66 71
66 72
66 73
66 75
66 67
66 68
68 65
68 57
68 71
68 72
68 73
68 67
69 62
69 64
69 65
70 84
70 71
70 72
70 73
70 86
71 72
71 73
71 86
71 67
72 73
72 86
72 67
73 86
73 67
74 71
74 72
74 73
74 66
74 75
74 68
75 71
75 72
75 72
75 67
75 68
76 70
77 78
77 79
77 80
77 81
77 82
77 83
77 70
77 84
77 71
77 72
77 73
77 85
77 86
78 79
78 83
78 70
78 84
78 71 
78 72
78 73
78 86
79 83
79 70
79 84
79 71
79 72
79 73
79 86
80 76
80 78
80 79
80 81
80 82
80 83
80 70
80 84
80 71
80 72
80 73
80 85
80 86
81 78
81 79
81 82
81 83
81 70
81 84
81 71
81 72
81 73
81 85
81 86
82 78
82 79
82 83
82 70
82 84
82 71
82 72
82 73
82 85
82 86
83 70
83 84
83 71
83 72
83 73
83 86
84 71
84 72
84 73
84 86
85 78
85 79
85 83
85 70
85 84
85 71
85 72
85 73
85 86