1 2 
1 3 
1 4 
1 5 
1 6 
1 7 
1 8 
1 9 
1 10 
1 11 
1 12 
2 3   
2 4   
2 5   
2 6   
2 7   
2 8  
2 14   
3 4   
3 5   
3 6   
3 7   
3 8   
4 5   
4 6   
4 7   
4 8   
5 6   
5 7   
5 8   
6 7   
6 8   
7 8  
9 2   
9 3   
9 4   
9 5  
9 6   
9 7   
9 8   
9 10   
9 11   
9 13   
9 12   
10 2   
10 3   
10 4   
10 5   
10 6   
10 7   
10 8   
10 11   
10 13   
10 12   
11 2   
11 3   
11 4   
11 5   
11 6   
11 7   
11 8   
11 13   
11 12   
12 2   
12 3   
12 4   
12 5   
12 6   
12 7   
12 8   
12 14  
12 15   
13 2   
13 12   
13 14   
15 16   
15 17   
15 18   
16 14   
16 17   
16 19   
16 20   
16 21   
17 20   
17 23   
17 24   
18 25   
18 26   
19 20   
19 22   
19 21   
19 23   
19 24   
20 21   
20 27   
20 23   
20 24   
21 27   
21 28   
21 29   
21 30   
21 23   
21 24   
21 32   
22 17   
22 20   
22 25   
22 26   
22 21   
22 27   
22 28   
22 33   
22 34   
22 29   
22 35   
22 30   
22 36   
22 23   
22 24   
22 37   
22 31   
22 32   
23 24   
23 37   
23 32   
23 38   
24 37   
24 32   
24 38   
25 26   
25 27   
25 28   
25 33   
25 34   
25 29   
25 35   
25 30   
25 36   
25 37   
25 32   
25 38   
26 27  
26 28   
26 29   
26 30   
26 37   
26 32   
26 38   
27 28   
27 29   
27 30   
27 23   
27 24   
27 37   
27 32   
27 38   
27 39   
27 40   
28 29   
28 30   
28 23   
28 24   
28 37   
28 32   
28 38   
28 39   
29 30   
29 23   
29 24   
29 37   
29 32   
29 38   
29 39   
29 40   
30 23   
30 24   
30 37   
30 32   
30 38   
30 39   
30 40   
31 21   
31 27   
31 28   
31 29   
31 30   
31 23   
31 24   
31 37   
31 32  
31 38  
31 39   
31 41   
31 40   
31 42   
32 38   
32 39   
32 40   
33 26   
33 27   
33 28   
33 34   
33 29   
33 35   
33 30   
33 36   
33 23   
33 24   
33 37   
33 31   
33 32   
33 38   
33 39   
34 26   
34 27   
34 28   
34 29   
34 35   
34 30   
34 36   
34 23   
34 24   
34 37   
34 31   
34 32   
34 38   
34 39   
35 26   
35 27   
35 28   
35 29   
35 30   
35 36   
35 23   
35 24   
35 37   
35 31   
35 32   
35 38   
35 39   
36 26   
36 27   
36 28   
36 29   
36 30   
36 23   
36 24   
36 37   
36 31   
36 32   
36 38   
36 39   
37 32   
37 38   
37 39   
38 39   
38 40   
39 40   
41 29   
41 30   
41 32   
41 39   
41 43   
41 44   
41 40   
41 42   
42 32   
42 44   
42 40   
43 44   
43 40   
44 40    
